<?xml version="1.0" encoding="UTF-8" standalone="no"?>
<!DOCTYPE svg PUBLIC "-//W3C//DTD SVG 20010904//EN"
              "http://www.w3.org/TR/2001/REC-SVG-20010904/DTD/svg10.dtd">

<svg xmlns="http://www.w3.org/2000/svg"
     width="19.4444in" height="13.8889in"
     viewBox="0 0 1400 1000">
  <path id="back_upper"
        fill="none" stroke="black" stroke-width="1"
        d="M 118.00,421.00
           C 118.00,421.00 142.00,419.16 142.00,419.16
             142.00,419.16 163.00,416.32 163.00,416.32
             163.00,416.32 181.00,405.80 181.00,405.80
             181.00,405.80 190.00,401.66 190.00,401.66
             190.00,401.66 216.00,413.78 216.00,413.78
             216.00,413.78 244.00,420.00 244.00,420.00
             244.00,420.00 283.00,426.00 283.00,426.00
             283.00,426.00 320.00,423.37 320.00,423.37
             320.00,423.37 338.00,415.31 338.00,415.31
             338.00,415.31 359.00,405.38 359.00,405.38
             359.00,405.38 387.00,382.42 387.00,382.42
             387.00,382.42 437.00,341.25 437.00,341.25
             437.00,341.25 453.09,325.00 453.09,325.00
             453.09,325.00 466.00,312.00 466.00,312.00
             466.00,312.00 478.17,300.82 478.17,300.82
             478.17,300.82 486.00,303.95 486.00,303.95
             486.00,303.95 505.00,316.00 505.00,316.00
             505.00,316.00 577.00,359.00 577.00,359.00
             577.00,359.00 556.08,400.00 556.08,400.00
             556.08,400.00 539.67,424.00 539.67,424.00
             539.67,424.00 515.48,459.00 515.48,459.00
             515.48,459.00 499.04,477.00 499.04,477.00
             499.04,477.00 482.58,495.00 482.58,495.00
             482.58,495.00 471.00,506.01 471.00,506.01
             471.00,506.01 463.00,506.01 463.00,506.01
             463.00,506.01 445.00,504.05 445.00,504.05
             445.00,504.05 403.00,499.16 403.00,499.16
             403.00,499.16 375.00,495.40 375.00,495.40
             375.00,495.40 324.00,484.80 324.00,484.80
             324.00,484.80 275.00,474.77 275.00,474.77
             275.00,474.77 233.00,463.42 233.00,463.42
             233.00,463.42 172.00,445.67 172.00,445.67
             172.00,445.67 127.00,430.67 127.00,430.67
             127.00,430.67 103.00,422.00 103.00,422.00
             103.00,422.00 118.00,421.00 118.00,421.00 Z
           M 102.00,421.00
           C 102.00,421.00 101.00,422.00 101.00,422.00
             101.00,422.00 101.00,421.00 101.00,421.00
             101.00,421.00 102.00,421.00 102.00,421.00 Z
           M 23.28,608.00
           C 23.28,608.00 22.00,588.00 22.00,588.00
             21.96,559.24 24.62,530.63 26.92,502.00
             26.92,502.00 29.93,471.00 29.93,471.00
             30.42,465.69 30.20,459.45 34.15,455.42
             35.82,453.72 39.75,450.33 42.00,449.69
             45.80,448.62 58.79,454.56 63.00,456.19
             63.00,456.19 128.00,481.05 128.00,481.05
             128.00,481.05 163.00,494.33 163.00,494.33
             163.00,494.33 198.00,504.42 198.00,504.42
             198.00,504.42 267.00,524.42 267.00,524.42
             267.00,524.42 414.00,567.00 414.00,567.00
             414.00,567.00 405.42,588.00 405.42,588.00
             405.42,588.00 386.31,630.00 386.31,630.00
             386.31,630.00 374.37,654.36 374.37,654.36
             374.37,654.36 363.00,655.00 363.00,655.00
             363.00,655.00 339.00,654.00 339.00,654.00
             339.00,654.00 326.00,653.00 326.00,653.00
             326.00,653.00 300.00,652.00 300.00,652.00
             300.00,652.00 281.00,651.00 281.00,651.00
             281.00,651.00 264.00,650.00 264.00,650.00
             264.00,650.00 248.00,649.00 248.00,649.00
             248.00,649.00 208.00,647.00 208.00,647.00
             208.00,647.00 198.00,646.04 198.00,646.04
             198.00,646.04 190.00,646.04 190.00,646.04
             190.00,646.04 172.00,645.00 172.00,645.00
             172.00,645.00 162.00,644.04 162.00,644.04
             162.00,644.04 154.00,644.04 154.00,644.04
             154.00,644.04 136.00,643.00 136.00,643.00
             136.00,643.00 121.00,642.00 121.00,642.00
             121.00,642.00 84.00,640.00 84.00,640.00
             84.00,640.00 69.00,639.00 69.00,639.00
             69.00,639.00 25.00,634.00 25.00,634.00
             26.46,620.68 24.79,620.52 23.28,608.00 Z" />
</svg>
