<?xml version="1.0" encoding="UTF-8" standalone="no"?>
<!DOCTYPE svg PUBLIC "-//W3C//DTD SVG 20010904//EN"
              "http://www.w3.org/TR/2001/REC-SVG-20010904/DTD/svg10.dtd">

<svg xmlns="http://www.w3.org/2000/svg"
     width="19.4444in" height="13.8889in"
     viewBox="0 0 1400 1000">
  <path id="front_upper"
        fill="none" stroke="black" stroke-width="1"
        d="M 828.00,497.54
           C 828.00,497.54 859.00,507.02 859.00,507.02
             859.00,507.02 908.00,522.00 908.00,522.00
             908.00,522.00 903.84,560.00 903.84,560.00
             903.84,560.00 901.78,582.00 901.78,582.00
             902.22,584.92 907.69,594.46 909.63,596.90
             912.27,600.20 924.89,608.12 929.00,609.58
             929.00,609.58 941.00,612.00 941.00,612.00
             962.82,616.23 969.30,615.97 991.00,616.00
             991.00,616.00 1008.00,617.00 1008.00,617.00
             1008.00,617.00 1058.00,617.00 1058.00,617.00
             1058.00,617.00 1075.00,616.00 1075.00,616.00
             1075.00,616.00 1121.00,615.00 1121.00,615.00
             1121.00,615.00 1133.00,613.96 1133.00,613.96
             1133.00,613.96 1143.00,613.96 1143.00,613.96
             1143.00,613.96 1222.00,604.84 1222.00,604.84
             1222.00,604.84 1277.00,598.24 1277.00,598.24
             1277.00,598.24 1293.00,592.58 1293.00,592.58
             1295.79,591.54 1298.89,589.93 1301.91,590.94
             1305.03,591.99 1315.52,601.38 1318.03,604.00
             1327.99,614.40 1333.25,623.75 1338.55,637.00
             1338.55,637.00 1349.00,665.00 1349.00,665.00
             1349.00,665.00 1339.00,669.22 1339.00,669.22
             1339.00,669.22 1271.00,682.20 1271.00,682.20
             1271.00,682.20 1223.00,691.42 1223.00,691.42
             1223.00,691.42 1192.00,696.00 1192.00,696.00
             1192.00,696.00 1185.00,696.00 1185.00,696.00
             1185.00,696.00 1172.00,697.00 1172.00,697.00
             1172.00,697.00 1142.00,698.00 1142.00,698.00
             1142.00,698.00 1129.00,699.00 1129.00,699.00
             1129.00,699.00 1101.00,700.00 1101.00,700.00
             1101.00,700.00 1084.00,701.00 1084.00,701.00
             1084.00,701.00 1063.00,702.00 1063.00,702.00
             1063.00,702.00 1034.00,703.00 1034.00,703.00
             1034.00,703.00 1020.00,704.00 1020.00,704.00
             1020.00,704.00 990.00,705.00 990.00,705.00
             990.00,705.00 975.00,706.00 975.00,706.00
             975.00,706.00 903.00,708.00 903.00,708.00
             903.00,708.00 888.00,709.00 888.00,709.00
             888.00,709.00 868.00,709.00 868.00,709.00
             868.00,709.00 844.00,707.09 844.00,707.09
             844.00,707.09 801.00,704.09 801.00,704.09
             801.00,704.09 738.00,699.83 738.00,699.83
             738.00,699.83 706.00,695.27 706.00,695.27
             706.00,695.27 664.00,689.00 664.00,689.00
             666.24,681.13 678.86,659.64 683.68,652.00
             683.68,652.00 695.16,634.00 695.16,634.00
             695.16,634.00 705.92,621.00 705.92,621.00
             705.92,621.00 724.04,600.00 724.04,600.00
             724.04,600.00 738.00,586.91 738.00,586.91
             738.00,586.91 758.00,568.17 758.00,568.17
             758.00,568.17 798.37,531.72 798.37,531.72
             798.37,531.72 819.00,494.00 819.00,494.00
             819.00,494.00 828.00,497.54 828.00,497.54 Z" />
</svg>
