<?xml version="1.0" encoding="UTF-8" standalone="no"?>
<!DOCTYPE svg PUBLIC "-//W3C//DTD SVG 20010904//EN"
              "http://www.w3.org/TR/2001/REC-SVG-20010904/DTD/svg10.dtd">

<svg xmlns="http://www.w3.org/2000/svg"
     width="19.4444in" height="13.8889in"
     viewBox="0 0 1400 1000">
  <path id="laces"
        fill="none" stroke="black" stroke-width="1"
        d="M 607.00,243.06
           C 610.13,241.16 619.58,236.20 623.00,236.35
             627.56,236.55 631.92,240.74 635.00,243.72
             640.72,249.24 650.50,255.86 654.10,263.00
             657.75,270.26 657.00,275.51 659.58,278.54
             665.25,285.19 670.25,282.81 677.00,283.14
             680.76,283.33 687.91,285.67 691.00,287.80
             696.21,291.39 705.13,301.29 708.09,307.00
             711.08,312.79 709.23,316.89 716.02,320.77
             724.45,325.61 731.36,319.66 743.00,328.25
             750.08,333.47 752.22,335.72 757.00,343.00
             758.30,344.98 761.27,350.90 763.27,351.57
             765.45,352.29 767.36,350.39 771.00,350.42
             774.83,350.45 784.78,353.15 787.91,355.26
             794.08,359.40 798.65,365.72 802.40,372.00
             803.85,374.45 806.62,379.99 808.39,381.69
             811.36,384.53 817.05,384.42 821.00,385.29
             825.48,386.27 830.23,388.62 834.00,391.22
             838.75,394.49 844.10,399.74 847.47,404.42
             849.72,407.54 853.56,414.37 856.30,416.40
             859.24,418.58 863.35,417.78 867.00,418.47
             871.77,419.36 878.96,422.42 883.00,425.10
             892.04,431.11 906.01,447.75 910.00,450.42
             910.00,450.42 929.96,459.29 929.96,459.29
             932.93,461.03 938.36,464.56 940.91,466.68
             940.91,466.68 947.09,472.28 947.09,472.28
             947.09,472.28 970.00,484.84 970.00,484.84
             970.00,484.84 981.00,495.00 981.00,495.00
             978.20,502.00 974.68,515.74 966.00,517.12
             963.09,517.58 959.99,515.49 955.00,515.09
             951.26,514.79 944.58,515.99 942.17,512.57
             941.30,511.34 941.02,509.45 940.70,508.00
             940.17,504.80 939.76,502.21 940.70,499.00
             941.64,495.29 944.48,491.82 943.77,487.83
             942.33,479.71 936.09,475.70 930.00,471.13
             930.00,471.13 912.00,458.00 912.00,458.00
             911.70,460.25 911.13,465.87 909.98,467.59
             908.87,469.26 905.78,470.80 904.04,472.27
             904.04,472.27 898.72,477.23 898.72,477.23
             895.15,479.35 888.94,476.57 886.42,473.78
             882.07,468.97 882.04,458.22 882.00,452.00
             881.98,449.83 882.11,447.14 880.98,445.21
             878.75,441.43 865.49,436.79 861.00,435.00
             859.68,442.05 853.63,457.27 847.98,461.57
             841.16,466.78 832.14,467.20 827.72,458.99
             825.80,455.41 826.21,453.74 825.83,450.00
             824.59,437.74 825.26,437.94 827.25,426.00
             827.74,423.02 829.72,414.09 828.61,411.67
             827.38,408.99 815.12,400.49 812.00,398.00
             812.00,398.00 806.34,407.00 806.34,407.00
             801.48,414.42 801.05,415.37 792.00,416.98
             788.97,417.52 784.19,417.92 781.95,415.28
             780.07,413.05 780.01,406.87 780.00,404.00
             780.00,404.00 780.83,384.00 780.83,384.00
             780.97,382.14 781.03,380.03 779.98,378.39
             778.23,375.68 766.54,371.50 763.00,370.00
             760.05,378.45 753.39,396.73 746.00,401.40
             742.37,403.69 739.87,402.54 736.00,402.17
             729.67,401.57 720.17,403.54 721.10,390.00
             721.42,385.28 726.89,369.33 728.67,364.00
             729.59,361.24 732.27,354.72 731.46,352.09
             730.76,349.81 727.73,347.54 726.00,345.91
             726.00,345.91 711.00,332.00 711.00,332.00
             707.03,346.72 703.30,353.66 687.00,352.98
             680.49,352.71 679.69,348.83 679.04,343.00
             677.57,328.59 679.20,332.51 679.04,321.00
             678.96,319.11 679.02,317.04 677.98,315.38
             676.40,312.85 665.11,306.52 662.00,305.00
             660.70,309.56 659.26,311.78 657.42,316.00
             652.19,328.01 650.76,334.02 637.00,337.63
             629.04,339.72 623.16,342.71 619.14,333.00
             617.58,328.57 617.45,320.52 619.14,316.00
             623.04,303.68 629.25,300.10 619.99,295.73
             616.42,294.05 606.56,289.34 603.00,289.84
             600.42,290.20 592.82,294.38 590.00,295.74
             583.94,298.67 577.53,300.78 571.00,302.37
             564.86,303.87 558.47,303.91 555.56,296.98
             554.61,294.73 554.37,291.36 555.06,289.00
             556.70,283.38 569.49,269.52 574.00,265.00
             576.82,262.17 579.96,259.93 581.00,256.00
             584.98,254.93 602.77,245.63 607.00,243.06 Z
           M 574.00,252.00
           C 574.00,252.00 573.00,253.00 573.00,253.00
             573.00,253.00 573.00,252.00 573.00,252.00
             573.00,252.00 574.00,252.00 574.00,252.00 Z
           M 576.00,253.00
           C 576.00,253.00 575.00,254.00 575.00,254.00
             575.00,254.00 575.00,253.00 575.00,253.00
             575.00,253.00 576.00,253.00 576.00,253.00 Z
           M 578.00,254.00
           C 578.00,254.00 577.00,255.00 577.00,255.00
             577.00,255.00 577.00,254.00 577.00,254.00
             577.00,254.00 578.00,254.00 578.00,254.00 Z
           M 580.00,255.00
           C 580.00,255.00 579.00,256.00 579.00,256.00
             579.00,256.00 579.00,255.00 579.00,255.00
             579.00,255.00 580.00,255.00 580.00,255.00 Z" />
</svg>
