<?xml version="1.0" encoding="UTF-8" standalone="no"?>
<!DOCTYPE svg PUBLIC "-//W3C//DTD SVG 20010904//EN"
              "http://www.w3.org/TR/2001/REC-SVG-20010904/DTD/svg10.dtd">

<svg xmlns="http://www.w3.org/2000/svg"
     width="19.4444in" height="13.8889in"
     viewBox="0 0 1400 1000">
  <path id="lace_holder"
        fill="none" stroke="black" stroke-width="1"
        d="M 492.00,286.00
           C 502.09,275.91 516.22,262.01 530.00,257.36
             533.38,256.21 539.57,254.15 543.00,254.61
             545.56,254.95 554.21,258.12 557.00,259.19
             563.37,261.65 566.71,263.49 571.00,269.00
             571.00,269.00 561.59,280.00 561.59,280.00
             559.17,282.92 556.14,286.23 555.25,290.00
             553.66,296.77 559.16,303.18 566.00,303.01
             572.15,302.86 585.31,297.58 591.00,294.75
             593.83,293.35 600.19,289.83 603.00,289.49
             606.39,289.08 620.91,294.99 623.67,297.21
             626.90,299.82 624.45,303.93 623.15,307.00
             619.87,314.73 616.21,321.27 618.63,330.00
             621.53,340.46 625.97,340.25 635.00,337.88
             638.43,336.98 640.88,336.56 644.00,334.66
             652.91,329.22 657.92,314.48 662.00,305.00
             665.55,306.13 676.94,312.13 678.43,315.38
             679.22,317.12 679.02,322.85 679.00,325.00
             678.91,332.26 677.21,343.36 681.28,349.85
             683.49,353.38 687.28,353.18 691.00,352.91
             704.90,351.92 706.54,343.16 711.00,332.00
             717.32,336.39 720.57,339.74 726.00,344.96
             727.89,346.78 731.52,349.52 732.08,352.09
             732.58,354.41 730.16,360.53 729.33,363.00
             729.33,363.00 721.20,390.00 721.20,390.00
             720.14,401.10 727.83,401.54 736.00,402.09
             739.49,402.32 741.75,403.37 745.00,401.39
             753.74,396.07 758.63,379.27 763.00,370.00
             766.58,371.01 778.94,375.23 780.34,378.39
             781.40,380.45 780.87,384.75 780.34,387.00
             779.83,392.65 779.94,398.31 780.34,404.00
             780.04,407.12 780.23,413.00 782.58,415.27
             784.46,417.08 787.55,417.23 790.00,417.02
             793.82,416.71 798.85,415.48 801.62,412.72
             805.65,408.72 806.70,403.33 813.00,398.00
             816.15,400.52 827.53,408.33 828.81,411.17
             830.01,413.83 827.95,422.78 827.41,426.00
             825.58,436.95 824.69,437.72 825.83,449.00
             826.03,450.99 825.96,453.06 826.50,455.00
             829.59,466.18 839.73,467.79 847.98,460.78
             853.65,455.96 858.94,442.29 861.00,435.00
             865.04,436.09 878.92,441.17 880.98,444.39
             882.02,446.02 881.96,448.14 882.00,450.00
             882.12,456.84 881.80,467.40 886.42,472.89
             888.43,475.29 894.05,478.89 897.34,477.57
             899.04,476.88 902.00,473.08 904.04,471.49
             906.03,469.94 908.61,469.02 909.98,466.78
             910.97,465.16 911.62,460.11 912.00,458.00
             916.86,460.07 920.80,463.47 925.00,466.63
             932.38,472.16 941.89,477.18 943.86,487.00
             945.00,492.72 941.27,496.03 940.43,501.00
             939.82,504.58 940.89,511.79 944.23,513.83
             946.88,515.45 951.88,514.89 955.00,515.04
             963.33,515.44 965.63,519.83 972.78,511.91
             979.48,504.48 976.56,493.71 986.00,497.21
             986.00,497.21 996.00,502.15 996.00,502.15
             996.00,502.15 1025.00,515.04 1025.00,515.04
             1025.00,515.04 1039.21,521.79 1039.21,521.79
             1042.35,525.51 1037.88,533.79 1035.56,536.96
             1025.92,550.12 1013.14,552.17 998.00,552.00
             978.77,551.77 964.44,545.57 947.00,538.81
             947.00,538.81 914.00,525.99 914.00,525.99
             914.00,525.99 904.00,521.23 904.00,521.23
             904.00,521.23 879.00,513.58 879.00,513.58
             879.00,513.58 846.00,503.34 846.00,503.34
             846.00,503.34 823.00,495.82 823.00,495.82
             808.27,488.02 800.63,482.68 788.00,471.71
             788.00,471.71 767.00,453.07 767.00,453.07
             755.63,446.27 742.31,443.70 730.00,439.30
             730.00,439.30 713.00,431.74 713.00,431.74
             702.16,426.09 674.55,401.71 664.00,392.73
             650.37,381.13 631.84,378.75 615.00,374.77
             615.00,374.77 598.00,369.67 598.00,369.67
             594.79,368.60 580.04,362.64 578.21,362.97
             576.39,363.30 574.38,365.74 573.00,367.00
             573.00,367.00 577.00,359.00 577.00,359.00
             577.00,359.00 546.00,341.42 546.00,341.42
             546.00,341.42 479.00,300.00 479.00,300.00
             482.71,294.81 487.50,290.50 492.00,286.00 Z" />
</svg>
