<?xml version="1.0" encoding="UTF-8" standalone="no"?>
<!DOCTYPE svg PUBLIC "-//W3C//DTD SVG 20010904//EN"
              "http://www.w3.org/TR/2001/REC-SVG-20010904/DTD/svg10.dtd">

<svg xmlns="http://www.w3.org/2000/svg"
     width="19.4444in" height="13.8889in"
     viewBox="0 0 1400 1000">
  <path id="liner"
        fill="none" stroke="black" stroke-width="1"
        d="M 367.91,370.20
           C 367.91,370.20 387.83,355.27 387.83,355.27
             387.83,355.27 409.82,336.50 409.82,336.50
             409.82,336.50 442.29,305.87 442.29,305.87
             442.29,305.87 451.49,295.83 451.49,295.83
             455.68,290.51 459.11,284.94 464.09,280.17
             468.25,276.18 473.40,273.23 478.00,269.77
             495.77,256.39 518.29,243.53 541.00,243.01
             554.69,242.70 570.31,250.35 582.00,257.00
             579.96,259.84 574.68,266.68 571.00,266.84
             568.34,266.96 564.42,263.20 562.00,261.80
             557.89,259.42 544.54,254.39 540.00,254.93
             524.83,256.72 508.39,270.61 498.00,281.00
             498.00,281.00 457.10,322.00 457.10,322.00
             457.10,322.00 449.53,331.71 449.53,331.71
             443.86,337.78 436.55,341.71 430.00,346.61
             430.00,346.61 417.00,358.17 417.00,358.17
             417.00,358.17 376.00,392.80 376.00,392.80
             376.00,392.80 357.00,408.05 357.00,408.05
             357.00,408.05 339.00,417.25 339.00,417.25
             339.00,417.25 322.00,425.40 322.00,425.40
             322.00,425.40 295.00,429.66 295.00,429.66
             295.00,429.66 280.00,429.00 280.00,429.00
             273.45,428.92 248.29,424.87 242.00,422.96
             242.00,422.96 227.00,417.42 227.00,417.42
             227.00,417.42 210.00,412.90 210.00,412.90
             210.00,412.90 201.00,407.06 201.00,407.06
             201.00,407.06 189.00,400.51 189.00,400.51
             189.00,400.51 168.00,382.17 168.00,382.17
             164.03,378.62 158.55,374.89 155.26,370.99
             155.26,370.99 147.78,359.00 147.78,359.00
             140.16,347.90 131.03,334.29 125.51,322.00
             125.51,322.00 116.05,296.00 116.05,296.00
             112.01,284.95 111.51,283.51 102.00,275.43
             99.29,273.12 91.68,268.69 90.57,266.78
             86.84,260.32 91.03,252.96 98.01,251.57
             102.60,250.65 107.95,252.78 112.00,254.76
             121.36,259.33 129.94,266.28 135.77,275.00
             151.63,298.74 154.75,320.70 166.99,343.00
             173.19,354.29 182.79,364.93 192.58,373.24
             198.63,378.38 211.50,384.66 219.00,387.81
             225.92,390.72 232.72,393.51 240.00,395.46
             240.00,395.46 249.00,397.17 249.00,397.17
             249.00,397.17 255.00,398.93 255.00,398.93
             255.00,398.93 261.91,398.93 261.91,398.93
             261.91,398.93 268.09,400.57 268.09,400.57
             268.09,400.57 277.00,400.00 277.00,400.00
             277.00,400.00 291.00,400.00 291.00,400.00
             291.00,400.00 310.00,398.32 310.00,398.32
             317.10,396.73 327.44,392.99 334.00,389.84
             339.56,387.16 344.74,383.81 351.00,383.00
             352.89,377.95 363.23,373.74 367.91,370.20 Z
           M 617.00,279.80
           C 619.03,279.73 622.11,281.17 624.00,282.00
             625.77,282.78 628.16,283.77 629.31,285.39
             631.56,288.56 628.75,295.33 624.95,296.03
             623.08,296.37 619.81,294.98 618.00,294.32
             618.00,294.32 603.00,289.00 603.00,289.00
             605.70,285.81 612.68,279.95 617.00,279.80 Z" />
</svg>
