<?xml version="1.0" encoding="UTF-8" standalone="no"?>
<!DOCTYPE svg PUBLIC "-//W3C//DTD SVG 20010904//EN"
              "http://www.w3.org/TR/2001/REC-SVG-20010904/DTD/svg10.dtd">

<svg xmlns="http://www.w3.org/2000/svg"
     width="19.4444in" height="13.8889in"
     viewBox="0 0 1400 1000">
  <path id="mid_upper"
        fill="none" stroke="black" stroke-width="1"
        d="M 506.83,468.00
           C 517.28,456.45 544.24,419.55 552.91,406.00
             552.91,406.00 569.78,374.00 569.78,374.00
             571.06,371.58 575.03,363.49 577.39,362.68
             579.76,361.86 584.73,364.31 587.00,365.28
             587.00,365.28 609.00,372.86 609.00,372.86
             625.99,377.72 633.58,377.26 651.00,384.58
             651.00,384.58 659.00,388.07 659.00,388.07
             662.34,390.04 669.70,396.85 673.00,399.72
             681.01,406.68 705.82,427.47 714.00,431.74
             726.95,438.49 735.65,440.55 749.00,445.00
             755.75,447.25 766.79,451.46 772.00,456.11
             782.30,465.30 794.71,477.72 806.00,485.41
             809.01,487.46 818.24,491.24 818.27,495.10
             818.29,497.46 811.02,510.16 809.42,513.00
             809.42,513.00 798.37,532.58 798.37,532.58
             798.37,532.58 768.00,560.08 768.00,560.08
             768.00,560.08 739.00,586.91 739.00,586.91
             739.00,586.91 724.04,601.00 724.04,601.00
             724.04,601.00 707.73,620.00 707.73,620.00
             707.73,620.00 695.90,634.00 695.90,634.00
             682.85,651.27 673.65,671.29 663.00,690.00
             663.00,690.00 622.00,683.87 622.00,683.87
             622.00,683.87 549.00,673.72 549.00,673.72
             549.00,673.72 457.00,661.84 457.00,661.84
             457.00,661.84 413.00,657.00 413.00,657.00
             413.00,657.00 404.00,657.00 404.00,657.00
             404.00,657.00 393.00,656.02 393.00,656.02
             393.00,656.02 376.00,656.02 376.00,656.02
             377.58,645.74 383.41,634.50 387.70,625.00
             387.70,625.00 414.00,568.00 414.00,568.00
             414.00,568.00 463.00,578.00 463.00,578.00
             463.00,578.00 553.00,595.61 553.00,595.61
             578.25,600.34 608.42,606.31 634.00,603.83
             634.00,603.83 649.00,601.20 649.00,601.20
             649.00,601.20 663.00,598.43 663.00,598.43
             681.95,592.75 698.73,577.71 707.33,560.00
             709.37,555.80 710.54,548.69 711.65,544.00
             713.29,537.07 714.90,535.58 715.00,528.00
             715.17,513.26 711.33,501.80 704.30,489.00
             701.50,483.89 698.72,478.70 695.24,474.00
             683.04,457.49 663.66,442.73 647.00,430.86
             640.06,425.91 624.83,416.37 617.00,413.89
             613.20,412.68 607.82,410.78 604.93,414.43
             601.81,417.89 604.22,424.98 604.93,429.00
             608.21,442.87 608.16,447.05 608.00,461.00
             607.92,467.09 606.44,474.26 604.41,480.00
             601.97,486.92 599.46,494.12 594.47,499.71
             589.46,505.34 584.44,506.76 578.00,509.78
             573.15,512.05 568.26,514.31 563.00,515.49
             547.14,519.04 519.46,516.24 503.00,514.28
             491.38,512.90 479.22,512.70 468.00,509.00
             476.92,496.15 495.68,480.33 506.83,468.00 Z" />
</svg>
