<?xml version="1.0" encoding="UTF-8" standalone="no"?>
<!DOCTYPE svg PUBLIC "-//W3C//DTD SVG 20010904//EN"
              "http://www.w3.org/TR/2001/REC-SVG-20010904/DTD/svg10.dtd">

<svg xmlns="http://www.w3.org/2000/svg"
     width="19.4444in" height="13.8889in"
     viewBox="0 0 1400 1000">
  <path id="Selection #11"
        fill="none" stroke="black" stroke-width="1"
        d="M 83.00,639.17
           C 83.00,639.17 121.00,642.17 121.00,642.17
             121.00,642.17 144.00,644.00 144.00,644.00
             144.00,644.00 172.00,645.00 172.00,645.00
             172.00,645.00 185.00,646.00 185.00,646.00
             185.00,646.00 213.00,647.00 213.00,647.00
             213.00,647.00 223.00,647.96 223.00,647.96
             223.00,647.96 233.00,647.96 233.00,647.96
             233.00,647.96 248.00,649.00 248.00,649.00
             248.00,649.00 269.00,650.00 269.00,650.00
             269.00,650.00 314.00,652.00 314.00,652.00
             314.00,652.00 335.00,653.00 335.00,653.00
             335.00,653.00 351.00,654.00 351.00,654.00
             351.00,654.00 409.00,657.00 409.00,657.00
             409.00,657.00 425.00,658.00 425.00,658.00
             425.00,658.00 485.00,664.84 485.00,664.84
             539.79,670.70 594.45,679.41 649.00,687.27
             649.00,687.27 707.00,695.72 707.00,695.72
             707.00,695.72 765.00,701.17 765.00,701.17
             765.00,701.17 826.00,706.00 826.00,706.00
             826.00,706.00 840.00,707.00 840.00,707.00
             840.00,707.00 865.00,708.00 865.00,708.00
             865.00,708.00 881.00,708.96 881.00,708.96
             881.00,708.96 894.00,708.96 894.00,708.96
             894.00,708.96 906.00,708.00 906.00,708.00
             906.00,708.00 940.00,707.00 940.00,707.00
             940.00,707.00 963.00,706.00 963.00,706.00
             963.00,706.00 978.00,705.00 978.00,705.00
             978.00,705.00 1008.00,704.00 1008.00,704.00
             1008.00,704.00 1031.00,703.00 1031.00,703.00
             1031.00,703.00 1054.00,702.00 1054.00,702.00
             1054.00,702.00 1069.00,700.96 1069.00,700.96
             1069.00,700.96 1082.00,700.96 1082.00,700.96
             1082.00,700.96 1093.00,700.00 1093.00,700.00
             1093.00,700.00 1115.00,699.00 1115.00,699.00
             1115.00,699.00 1144.00,698.00 1144.00,698.00
             1144.00,698.00 1154.00,697.04 1154.00,697.04
             1154.00,697.04 1166.00,697.04 1166.00,697.04
             1166.00,697.04 1179.00,696.00 1179.00,696.00
             1200.65,695.75 1212.12,693.19 1233.00,689.42
             1233.00,689.42 1303.00,675.79 1303.00,675.79
             1303.00,675.79 1336.00,669.49 1336.00,669.49
             1341.04,668.21 1345.24,665.09 1348.00,665.06
             1356.95,664.97 1358.81,679.40 1359.47,681.00
             1361.49,685.81 1364.01,685.17 1366.35,695.00
             1370.53,712.58 1367.80,711.01 1368.71,716.58
             1368.71,716.58 1370.28,723.00 1370.28,723.00
             1370.28,723.00 1370.28,729.00 1370.28,729.00
             1370.28,729.00 1371.57,744.00 1371.57,744.00
             1371.57,744.00 1371.57,749.00 1371.57,749.00
             1371.35,752.14 1372.32,754.63 1371.57,758.00
             1371.57,758.00 1366.43,773.83 1366.43,773.83
             1366.43,773.83 1361.97,780.02 1361.97,780.02
             1360.16,782.85 1359.98,784.27 1357.46,787.00
             1339.41,806.52 1314.26,813.03 1289.00,817.25
             1289.00,817.25 1273.00,820.00 1273.00,820.00
             1273.00,820.00 1265.00,820.00 1265.00,820.00
             1265.00,820.00 1226.00,823.91 1226.00,823.91
             1226.00,823.91 1181.00,826.09 1181.00,826.09
             1181.00,826.09 1146.00,829.09 1146.00,829.09
             1146.00,829.09 1134.00,830.00 1134.00,830.00
             1134.00,830.00 1098.00,831.00 1098.00,831.00
             1098.00,831.00 1082.00,832.83 1082.00,832.83
             1077.08,833.22 1075.91,831.91 1073.00,831.91
             1073.00,831.91 1067.00,832.87 1067.00,832.87
             1062.20,833.38 1057.72,832.74 1053.00,832.21
             1047.45,831.58 1035.19,837.91 1030.00,831.00
             1019.11,835.97 1016.01,833.55 1005.00,833.63
             1005.00,833.63 994.00,835.00 994.00,835.00
             994.00,835.00 980.00,833.91 980.00,833.91
             980.00,833.91 971.00,835.00 971.00,835.00
             958.26,835.20 959.93,833.14 956.91,833.24
             953.48,833.36 951.98,836.55 944.00,835.91
             938.54,835.46 936.91,833.13 934.09,833.26
             930.79,833.42 931.63,835.86 924.00,836.00
             912.15,836.21 914.28,833.89 910.83,833.65
             907.08,833.38 908.41,836.18 897.00,836.00
             889.63,835.88 889.33,833.78 886.00,833.95
             883.57,834.08 879.93,836.78 873.00,836.40
             867.63,836.11 865.61,834.08 863.00,834.08
             859.46,834.08 861.13,836.23 848.00,836.00
             841.61,835.88 840.77,834.16 838.00,834.46
             834.97,834.78 833.80,837.19 828.00,836.82
             828.00,836.82 816.09,834.56 816.09,834.56
             816.09,834.56 808.96,835.95 808.96,835.95
             803.50,836.33 798.37,835.83 793.00,835.14
             787.86,834.48 788.81,836.86 781.00,837.00
             770.40,837.18 771.54,835.12 768.00,835.03
             764.91,834.96 764.50,836.91 757.00,837.00
             754.57,837.03 751.47,837.12 749.18,836.30
             747.32,835.64 746.13,834.31 744.49,834.36
             742.29,834.43 740.93,836.55 736.00,836.94
             726.31,837.72 724.15,835.02 721.00,834.96
             717.99,834.90 716.75,836.82 710.00,836.99
             700.87,837.21 701.30,835.08 698.04,834.84
             695.20,834.64 694.33,836.59 690.91,836.70
             690.91,836.70 675.04,834.89 675.04,834.89
             670.67,834.83 673.36,837.15 662.00,837.00
             653.81,836.89 654.39,834.52 650.91,834.68
             648.30,834.80 646.56,836.71 642.00,836.93
             637.06,837.17 629.68,834.92 628.04,834.89
             624.72,834.84 624.41,836.71 619.96,836.94
             613.76,837.25 602.65,834.10 603.00,834.10
             600.35,834.10 600.78,835.89 594.00,835.93
             594.00,835.93 586.00,835.93 586.00,835.93
             582.87,835.45 581.34,834.24 579.17,834.43
             576.64,834.66 574.27,837.57 566.00,836.91
             559.95,836.42 559.26,833.62 556.05,833.59
             552.35,833.56 554.40,836.20 543.00,836.00
             535.42,835.86 535.49,833.51 532.00,833.40
             528.54,833.29 526.69,836.35 519.00,835.91
             512.83,835.55 510.78,833.59 508.83,833.43
             509.11,833.45 499.66,835.03 495.00,835.00
             485.98,834.94 487.17,832.47 482.00,833.14
             477.48,833.73 471.60,835.49 467.09,834.86
             463.48,834.36 462.57,832.28 460.13,832.07
             458.27,831.92 456.93,833.28 453.96,833.61
             451.59,834.18 442.38,834.24 440.28,833.61
             438.68,832.84 436.48,831.03 435.00,830.00
             434.32,831.52 433.99,832.80 432.52,833.83
             430.26,835.40 420.88,835.39 418.28,834.45
             416.08,833.64 414.55,831.66 412.02,831.61
             408.20,831.53 410.21,834.33 399.00,833.98
             392.40,833.78 391.71,831.67 389.04,831.50
             385.76,831.29 385.86,833.88 379.99,833.97
             371.46,834.10 366.07,830.95 364.95,830.85
             364.95,830.85 355.00,833.41 355.00,833.41
             352.76,833.91 349.38,834.29 347.26,833.41
             343.24,831.73 340.91,824.92 337.00,833.41
             333.08,833.32 328.88,834.41 325.00,833.41
             320.78,832.84 318.96,830.54 316.00,830.88
             312.32,831.29 311.21,834.91 303.01,833.82
             297.79,833.12 296.47,830.18 293.45,830.11
             289.90,830.04 290.59,833.53 281.00,832.96
             274.42,832.56 273.54,829.34 270.09,829.71
             268.36,829.90 266.69,831.57 264.83,832.28
             262.73,833.08 259.27,833.07 257.00,832.98
             249.44,832.67 252.33,829.67 244.00,829.00
             242.12,834.20 238.59,832.85 234.00,832.28
             232.32,832.08 229.78,832.00 228.28,831.49
             228.28,831.49 221.00,828.00 221.00,828.00
             220.51,829.21 220.46,830.10 219.28,831.15
             217.21,832.60 207.64,832.19 205.17,831.15
             205.17,831.15 200.92,829.21 200.92,829.21
             197.57,828.48 198.58,831.26 189.00,830.98
             182.81,830.81 181.50,828.73 176.00,827.00
             174.80,829.90 174.11,829.87 170.98,830.40
             163.29,831.70 161.63,828.18 155.00,826.00
             154.24,827.34 154.20,828.04 152.71,828.98
             150.48,830.38 141.67,830.50 139.51,828.98
             138.06,827.97 137.66,826.51 137.00,825.00
             134.86,826.17 132.15,828.17 129.91,828.70
             129.91,828.70 99.00,827.00 99.00,827.00
             90.51,826.95 75.92,824.21 67.00,822.72
             57.69,821.16 45.50,817.15 38.09,811.24
             38.09,811.24 31.91,805.17 31.91,805.17
             29.53,802.89 25.80,800.33 24.09,797.71
             22.21,794.85 22.41,791.96 21.04,789.00
             20.10,786.99 18.44,785.11 17.80,783.00
             17.04,780.33 18.04,778.34 17.80,776.00
             17.80,776.00 15.63,769.00 15.63,769.00
             15.39,766.47 16.71,764.94 16.74,762.58
             16.74,762.58 16.01,752.01 16.01,752.01
             16.12,741.91 12.00,744.55 12.16,738.01
             12.28,733.10 15.82,732.31 16.78,727.00
             16.78,727.00 19.00,691.00 19.00,691.00
             19.00,691.00 19.96,680.00 19.96,680.00
             19.96,680.00 19.96,665.00 19.96,665.00
             20.03,659.91 19.57,658.02 24.00,655.00
             21.81,645.80 20.47,641.89 25.00,633.00
             43.90,637.65 63.76,637.33 83.00,639.17 Z" />
</svg>
