<?xml version="1.0" encoding="UTF-8" standalone="no"?>
<!DOCTYPE svg PUBLIC "-//W3C//DTD SVG 20010904//EN"
              "http://www.w3.org/TR/2001/REC-SVG-20010904/DTD/svg10.dtd">

<svg xmlns="http://www.w3.org/2000/svg"
     width="19.4444in" height="13.8889in"
     viewBox="0 0 1400 1000">
  <path id="swoosh"
        fill="none" stroke="black" stroke-width="1"
        d="M 477.00,510.92
           C 477.00,510.92 500.00,514.00 500.00,514.00
             519.55,514.95 542.53,519.85 562.00,515.49
             567.76,514.20 572.70,511.73 578.00,509.31
             581.70,507.61 584.50,506.75 588.00,504.40
             600.40,496.07 607.83,474.57 608.00,460.00
             608.00,460.00 608.00,451.00 608.00,451.00
             607.99,442.14 605.69,433.65 604.00,425.00
             603.37,421.76 602.09,416.39 604.74,413.66
             607.67,410.81 613.59,412.57 617.00,413.66
             624.99,415.98 639.99,425.15 647.00,430.14
             647.00,430.14 663.00,441.51 663.00,441.51
             687.49,460.94 714.95,490.61 715.00,524.00
             715.00,524.00 715.00,529.00 715.00,529.00
             714.92,535.51 711.91,544.22 710.35,551.00
             708.04,561.08 707.79,560.44 702.42,569.00
             693.58,583.11 680.02,593.63 664.00,598.43
             664.00,598.43 650.00,601.20 650.00,601.20
             650.00,601.20 634.00,604.00 634.00,604.00
             634.00,604.00 625.00,604.00 625.00,604.00
             625.00,604.00 618.00,604.82 618.00,604.82
             618.00,604.82 578.00,600.57 578.00,600.57
             578.00,600.57 550.00,595.25 550.00,595.25
             550.00,595.25 471.00,579.80 471.00,579.80
             471.00,579.80 417.00,568.51 417.00,568.51
             417.00,568.51 401.00,563.42 401.00,563.42
             401.00,563.42 356.00,550.42 356.00,550.42
             356.00,550.42 236.00,515.72 236.00,515.72
             236.00,515.72 162.00,494.33 162.00,494.33
             162.00,494.33 101.00,471.05 101.00,471.05
             101.00,471.05 58.00,454.60 58.00,454.60
             58.00,454.60 41.00,448.00 41.00,448.00
             57.02,435.93 69.14,425.01 90.00,422.29
             102.99,420.59 114.90,426.30 127.00,430.33
             127.00,430.33 193.00,452.28 193.00,452.28
             193.00,452.28 233.00,463.15 233.00,463.15
             233.00,463.15 279.00,475.35 279.00,475.35
             279.00,475.35 326.00,485.00 326.00,485.00
             326.00,485.00 382.00,496.57 382.00,496.57
             382.00,496.57 404.00,499.16 404.00,499.16
             404.00,499.16 444.00,503.85 444.00,503.85
             444.00,503.85 469.00,507.00 469.00,507.00
             470.22,510.38 473.79,510.37 477.00,510.92 Z
           M 410.00,579.00
           C 410.00,579.00 409.00,580.00 409.00,580.00
             409.00,580.00 409.00,579.00 409.00,579.00
             409.00,579.00 410.00,579.00 410.00,579.00 Z" />
</svg>
